01 02 05 06 07 08 10 11 13 14 15 16 17 20 21 
01 02 05 06 07 08 10 11 13 14 20 21 22 24 25 
01 02 05 06 07 08 10 11 14 16 20 21 22 24 25 
01 02 05 06 07 08 11 13 14 15 16 17 20 21 22 
01 02 05 06 07 10 11 13 14 15 16 17 20 21 22 
01 02 05 06 07 11 13 14 15 16 17 20 21 22 24 
01 02 05 06 08 10 11 15 16 17 20 21 22 24 25 
01 02 05 07 08 10 11 13 14 16 17 20 21 22 24 
01 02 05 07 10 13 14 15 16 17 20 21 22 24 25 
01 02 06 07 08 10 11 14 15 16 17 21 22 24 25 
01 02 07 08 10 11 13 14 15 16 17 21 22 24 25 
01 05 06 07 08 10 13 14 15 16 17 20 21 22 24 
01 05 07 08 10 11 14 15 16 17 20 21 22 24 25 
02 05 06 07 08 10 11 13 16 17 20 21 22 24 25 
02 05 06 10 11 13 14 15 16 17 20 21 22 24 25 
06 07 08 10 11 13 14 15 16 17 20 21 22 24 25 
